   1.2000000e-01   1.1840000e+00   8.4000000e+01   2.0000000e+01   2.2903015e+00   1.0000000e-01
   1.2000000e-01   1.1840000e+00   8.4000000e+01   4.0000000e+01   3.2610425e+00   1.0000000e-01
   1.2000000e-01   1.1840000e+00   8.4000000e+01   6.0000000e+01   4.3482492e+00   1.0000000e-01
   3.8000000e-02   1.1840000e+00   6.2600000e+02   2.0000000e+01   2.0149232e+00   1.0000000e-01
   3.8000000e-02   1.1840000e+00   6.2600000e+02   4.0000000e+01   2.7790069e+00   1.0000000e-01
   3.8000000e-02   1.1840000e+00   6.2600000e+02   6.0000000e+01   4.0437530e+00   1.0000000e-01
   1.1000000e-01   1.1840000e+00   1.3040000e+03   1.0000000e+01   1.4650254e+00   1.0000000e-01
   1.1000000e-01   1.1840000e+00   1.3040000e+03   2.0000000e+01   1.9566485e+00   1.0000000e-01
   1.1000000e-01   1.1840000e+00   1.3040000e+03   3.0000000e+01   2.6335751e+00   1.0000000e-01
   1.1000000e-01   1.1840000e+00   1.3040000e+03   4.0000000e+01   2.7205137e+00   1.0000000e-01
   1.1000000e-01   1.1840000e+00   1.3040000e+03   5.0000000e+01   3.2327181e+00   1.0000000e-01
   1.1000000e-01   1.1840000e+00   1.3040000e+03   6.0000000e+01   3.5392515e+00   1.0000000e-01
   4.8500000e-02   1.1840000e+00   3.8090000e+02   2.0000000e+01   2.1502001e+00   1.0000000e-01
   4.8500000e-02   1.1840000e+00   3.8090000e+02   4.0000000e+01   3.1681314e+00   1.0000000e-01
   4.8500000e-02   1.1840000e+00   3.8090000e+02   6.0000000e+01   3.9311893e+00   1.0000000e-01
